=== DAY 19A ===                                                                         === DAY 19B ===
0:	0	[ 0	0	0	0	0	0	 ]	addi	5	16	5	[ 0	0	0	0	0	16	 ]      0:	0	[ 1	0	0	0	0	0	 ]	addi	5	16	5	[ 1	0	0	0	0	16	 ]
1:	17	[ 0	0	0	0	0	16	 ]	addi	1	2	1	[ 0	2	0	0	0	17	 ]      1:	17	[ 1	0	0	0	0	16	 ]	addi	1	2	1	[ 1	2	0	0	0	17	 ]
2:	18	[ 0	2	0	0	0	17	 ]	mulr	1	1	1	[ 0	4	0	0	0	18	 ]      2:	18	[ 1	2	0	0	0	17	 ]	mulr	1	1	1	[ 1	4	0	0	0	18	 ]
3:	19	[ 0	4	0	0	0	18	 ]	mulr	5	1	1	[ 0	76	0	0	0	19	 ]      3:	19	[ 1	4	0	0	0	18	 ]	mulr	5	1	1	[ 1	76	0	0	0	19	 ]
4:	20	[ 0	76	0	0	0	19	 ]	muli	1	11	1	[ 0	836	0	0	0	20	 ]      4:	20	[ 1	76	0	0	0	19	 ]	muli	1	11	1	[ 1	836	0	0	0	20	 ]
5:	21	[ 0	836	0	0	0	20	 ]	addi	3	6	3	[ 0	836	0	6	0	21	 ]      5:	21	[ 1	836	0	0	0	20	 ]	addi	3	6	3	[ 1	836	0	6	0	21	 ]
6:	22	[ 0	836	0	6	0	21	 ]	mulr	3	5	3	[ 0	836	0	132	0	22	 ]      6:	22	[ 1	836	0	6	0	21	 ]	mulr	3	5	3	[ 1	836	0	132	0	22	 ]
7:	23	[ 0	836	0	132	0	22	 ]	addi	3	15	3	[ 0	836	0	147	0	23	 ]      7:	23	[ 1	836	0	132	0	22	 ]	addi	3	15	3	[ 1	836	0	147	0	23	 ]
8:	24	[ 0	836	0	147	0	23	 ]	addr	1	3	1	[ 0	983	0	147	0	24	 ]      8:	24	[ 1	836	0	147	0	23	 ]	addr	1	3	1	[ 1	983	0	147	0	24	 ]
9:	25	[ 0	983	0	147	0	24	 ]	addr	5	0	5	[ 0	983	0	147	0	25	 ]      9:	25	[ 1	983	0	147	0	24	 ]	addr	5	0	5	[ 1	983	0	147	0	26	 ]
10:	26	[ 0	983	0	147	0	25	 ]	seti	0	7	5	[ 0	983	0	147	0	0	 ]      10:	27	[ 1	983	0	147	0	26	 ]	setr	5	8	3	[ 1	983	0	27	0	27	 ]
11:	1	[ 0	983	0	147	0	0	 ]	seti	1	2	2	[ 0	983	1	147	0	1	 ]      11:	28	[ 1	983	0	27	0	27	 ]	mulr	3	5	3	[ 1	983	0	756	0	28	 ]
12:	2	[ 0	983	1	147	0	1	 ]	seti	1	0	4	[ 0	983	1	147	1	2	 ]      12:	29	[ 1	983	0	756	0	28	 ]	addr	5	3	3	[ 1	983	0	785	0	29	 ]
13:	3	[ 0	983	1	147	1	2	 ]	mulr	2	4	3	[ 0	983	1	1	1	3	 ]      13:	30	[ 1	983	0	785	0	29	 ]	mulr	5	3	3	[ 1	983	0	23550	0	30	 ]
14:	4	[ 0	983	1	1	1	3	 ]	eqrr	3	1	3	[ 0	983	1	0	1	4	 ]      14:	31	[ 1	983	0	23550	0	30	 ]	muli	3	14	3	[ 1	983	0	329700	0	31	 ]
15:	5	[ 0	983	1	0	1	4	 ]	addr	3	5	5	[ 0	983	1	0	1	5	 ]      15:	32	[ 1	983	0	329700	0	31	 ]	mulr	3	5	3	[ 1	983	0	10550400	0	32	 ]
16:	6	[ 0	983	1	0	1	5	 ]	addi	5	1	5	[ 0	983	1	0	1	7	 ]      16:	33	[ 1	983	0	10550400	0	32	 ]	addr	1	3	1	[ 1	10551383	0	10550400	0	33	 ]
17:	8	[ 0	983	1	0	1	7	 ]	addi	4	1	4	[ 0	983	1	0	2	8	 ]      17:	34	[ 1	10551383	0	10550400	0	33	 ]	seti	0	0	0	[ 0	10551383	0	10550400	0	34	 ]
18:	9	[ 0	983	1	0	2	8	 ]	gtrr	4	1	3	[ 0	983	1	0	2	9	 ]      18:	35	[ 0	10551383	0	10550400	0	34	 ]	seti	0	6	5	[ 0	10551383	0	10550400	0	0	 ]
19:	10	[ 0	983	1	0	2	9	 ]	addr	5	3	5	[ 0	983	1	0	2	10	 ]      19:	1	[ 0	10551383	0	10550400	0	0	 ]	seti	1	2	2	[ 0	10551383	1	10550400	0	1	 ]
20:	11	[ 0	983	1	0	2	10	 ]	seti	2	4	5	[ 0	983	1	0	2	2	 ]      20:	2	[ 0	10551383	1	10550400	0	1	 ]	seti	1	0	4	[ 0	10551383	1	10550400	1	2	 ]
21:	3	[ 0	983	1	0	2	2	 ]	mulr	2	4	3	[ 0	983	1	2	2	3	 ]      21:	3	[ 0	10551383	1	10550400	1	2	 ]	mulr	2	4	3	[ 0	10551383	1	1	1	3	 ]